13
19
41
70
73
77
91
93
107
114
140
144
148
151
169
173
178
184
188
192
199
201
212
216
220
259
270
276
277
279
282
286
295
300
302
305
316
320
337
355
366
369
391
397
400
405
412
414
421
429
443
450
452
473
475
482
484
495
500
501
503
508
531
538
539
543
552
557
566
567
586
594
595
598
603
608
615
617
627
631
639
640
650
679
686
688
696
697
710
714
727
733
734
738
744
749
754
755
768
771
772
777
784
790
799
802
806
829
834
865
876
887
888
915
916
920
926
931
939
940
948
970
989
994
998
1005
1013
1015
1034
1040
1052
1057
1058
1065
1068
1075
1079
1096
1102
1106
1114
1122
1124
1132
1149
1150
1155
1165
1169
1170
1196
1211
1224
1228
1235
1246
1248
1252
1264
1265
1266
1269
1270
1278
1281
1289
1294
1297
1301
1325
1328
1343
1352
1358
1359
1396
1400
1401
1406
1417
1424
1437
1439
1445
1447
1458
1462
1465
1480
1483
1497
1502
1514
1517
1524
1530
1532
1537
1558
1584
1587
1596
1597
1598
1611
1620
1630
1639
1642
1662
1675
1677
1689
1691
1697
1699
1700
1704
1717
1723
1739
1741
1760
1764
1766
1779
1796
1800
1802
1817
1819
1820
1835
1844
1858
1859
1862
1869
1872
1873
1878
1879
1883
1884
1918
1945
1948
1961
1967
1972
1997
2001
2004
2012
2014
2017
2020
2032
2054
2059
2060
2063
2084
2086
2088
2106
2117
2118
2120
2122
2126
2135
2137
2156
2162
2163
2165
2167
2172
2182
2200
2207
2209
2217
2223
2227
2229
2240
2248
2253
2258
2264
2275
2280
2285
2292
2307
2308
2313
2319
2327
2331
2333
2344
2345
2351
2362
2364
2372
2379
2381
2397
2398
2400
2425
2427
2433
2435
2438
2464
2493
2494
2503
2504
2513
2515
2520
2527
2531
2532
2535
2536
2542
2544
2550
2557
2568
2578
2586
2596
2597
2610
2611
2615
2625
2638
2668
2676
2685
2687
2733
2749
2752
2755
2781
2792
2806
2817
2818
2819
2821
2838
2844
2855
2859
2864
2871
2879
2895
2903
2906
2907
2910
2938
2942
2949
2953
2960
2969
2970
2972
2979
2987
2989
2993
3013
3017
3018
3019
3022
3026
3034
3040
3045
3046
3047
3060
3113
3116
3119
3126
3133
3149
3153
3158
3161
3165
3169
3177
3178
3179
3183
3188
3197
3211
3221
3223
3224
3228
3233
3243
3245
3269
3298
3300
3304
3307
3322
3327
3336
3343
3366
3383
3397
3417
3428
3436
3438
3444
3447
3452
3472
3473
3474
3475
3486
3487
3499
3504
3511
3526
3536
3539
3555
3558
3566
3580
3581
3596
3612
3621
3642
3660
3685
3690
3696
3699
3703
3714
3716
3718
3726
3737
3751
3756
3757
3762
3765
3772
3779
3781
3787
3811
3838
3848
3861
3862
3865
3868
3871
3875
3876
3882
3888
3893
3899
3907
3914
3921
3922
3926
3930
3933
3951
3956
3972
3977
3981
3983
3985
3986
3990
3995
3997
4005
4020
4021
4031
4033
4049
4052
4055
4067
4072
4080
4083
4085
4086
4102
4103
4107
4115
4116
4120
4125
4134
4138
4144
4160
4161
4178
4193
4196
4202
4204
4231
4232
4235
4240
4249
4251
4256
4257
4258
4279
4282
4286
4290
4295
4308
4315
4317
4329
4330
4331
4342
4362
4364
4395
4400
4403
4406
4425
4431
4440
4445
4446
4453
4457
4463
4471
4474
4485
4496
4497
4498
4506
4521
4522
4538
4539
4545
4555
4559
4567
4579
4580
4581
4588
4592
4603
4605
4614
4621
4626
4627
4634
4637
4643
4652
4657
4676
4705
4710
4712
4715
4722
4733
4736
4740
4745
4764
4766
4769
4784
4815
4823
4827
4859
4864
4867
4869
4877
4882
4887
4894
4903
4913
4928
4931
4935
4949
4955
4970
4975
4988
4992
5009
5019
5027
5030
5048
5051
5052
5072
5097
5111
5113
5114
5124
5131
5136
5142
5146
5155
5169
5198
5204
5209
5214
5225
5227
5233
5236
5248
5256
5267
5282
5298
5319
5323
5326
5331
5333
5356
5374
5383
5385
5398
5399
5408
5416
5419
5439
5450
5456
5465
5473
5476
5477
5483
5512
5537
5539
5548
5551
5557
5577
5581
5584
5594
5601
5627
5652
5663
5664
5678
5680
5684
5685
5686
5695
5700
5702
5704
5705
5726
5730
5731
5739
5750
5754
5759
5784
5786
5789
5793
5795
5807
5811
5815
5823
5839
5851
5863
5875
5880
5887
5909
5911
5917
5931
5933
5949
5954
5956
5962
6001
6010
6017
6020
6026
6029
6032
6039
6040
6068
6071
6078
6096
6097
6102
6107
6118
6121
6125
6128
6134
6144
6159
6163
6177
6178
6182
6194
6195
6199
6202
6205
6215
6217
6220
6230
6232
6248
6251
6254
6257
6259
6272
6277
6297
6303
6306
6331
6341
6345
6368
6378
6386
6403
6416
6429
6438
6462
6472
6480
6498
6499
6518
6519
6525
6528
6537
6538
6545
6553
6555
6558
6563
6580
6584
6593
6594
6595
6597
6604
6606
6614
6616
6618
6628
6629
6638
6647
6649
6658
6663
6670
6675
6679
6688
6694
6708
6710
6713
6719
6729
6731
6756
6772
6779
6783
6789
6800
6801
6809
6815
6818
6844
6846
6863
6865
6866
6876
6880
6881
6892
6908
6921
6928
6933
6934
6952
6956
6971
7010
7012
7021
7023
7024
7034
7043
7059
7069
7075
7076
7087
7092
7094
7095
7097
7099
7105
7111
7138
7165
7173
7178
7186
7190
7203
7204
7214
7220
7221
7232
7239
7247
7262
7264
7268
7269
7273
7279
7284
7289
7311
7325
7327
7332
7351
7360
7364
7367
7375
7387
7405
7411
7424
7429
7431
7439
7445
7447
7451
7461
7464
7469
7472
7486
7492
7494
7503
7505
7516
7519
7525
7527
7534
7536
7541
7543
7544
7558
7578
7581
7587
7588
7599
7601
7605
7609
7612
7634
7644
7653
7664
7681
7685
7691
7693
7697
7698
7699
7716
7726
7727
7753
7770
7782
7795
7798
7805
7810
7811
7818
7819
7834
7839
7848
7850
7862
7864
7865
7876
7881
7884
7891
7892
7896
7911
7914
7915
7921
7923
7937
7941
7948
7958
7970
7980
7990
7993
7995
8006
8007
8012
8020
8025
8026
8032
8060
8073
8080
8087
8089
8099
8100
8106
8107
8109
8161
8164
8173
8185
8190
8194
8204
8206
8219
8223
8225
8227
8244
8245
8248
8254
8266
8267
8281
8282
8284
8292
8294
8296
8306
8328
8334
8345
8372
8401
8406
8413
8415
8419
8422
8427
8438
8445
8447
8457
8458
8471
8484
8487
8496
8503
8504
8513
8520
8525
8529
8536
8549
8550
8551
8566
8591
8592
8604
8608
8623
8626
8634
8650
8657
8672
8678
8689
8694
8699
8713
8730
8757
8766
8778
8779
8786
8796
8852
8857
8860
8864
8871
8882
8886
8888
8889
8900
8912
8925
8955
8960
8968
8984
8989
8990
8991
8995
9001
9006
9014
9030
9034
9035
9046
9051
9052
9064
9070
9073
9115
9128
9133
9139
9145
9150
9151
9152
9153
9156
9164
9165
9170
9187
9189
9207
9223
9227
9254
9255
9257
9262
9272
9285
9286
9290
9292
9296
9324
9330
9337
9352
9356
9360
9386
9388
9412
9425
9427
9428
9435
9438
9447
9485
9524
9558
9559
9560
9563
9569
9579
9584
9595
9602
9615
9618
9620
9644
9645
9646
9672
9675
9684
9706
9714
9718
9722
9732
9762
9771
9773
9788
9794
9806
9811
9814
9815
9817
9842
9848
9856
9871
9877
9884
9886
9906
9907
9914
9919
9920
9934
9948
9960
9971
9978
9988
10007
10010
10012
10015
10019
10020
10042
10043
10052
10056
10060
10065
10066
10067
10073
10086
10090
10093
10097
10103
10117
10132
10136
10137
10139
10140
10143
10185
10187
10194
10196
10197
10204
10232
10241
10256
10257
10264
10295
10298
10299
10301
10313
10316
10317
10318
10320
10331
10335
10360
10363
10370
10376
10377
10384
10390
10394
10406
10414
10421
10425
10438
10445
10452
10453
10465
10471
10473
10475
10504
10508
10511
10531
10536
10544
10546
10557
10563
10580
10585
10592
10593
10594
10595
10603
10610
10619
10632
10637
10638
10646
10648
10667
10674
10678
10683
10691
10695
10698
10706
10714
10719
10728
10734
10739
10743
10745
10749
10754
10782
10791
10801
10805
10806
10813
10814
10815
10817
10822
10830
10832
10833
10834
10846
10854
10856
10858
10860
10867
10878
10886
10889
10910
10919
10927
10931
10933
10934
10949
10950
10965
10977
10983
10984
10990
10993
10995
11008
11013
11040
11055
11059
11086
11098
11104
11110
11111
11113
11121
11123
11126
11138
11144
11151
11153
11163
11164
11166
11172
11183
11184
11212
11215
11243
11254
11256
11261
11262
11271
11274
11275
11285
11304
11330
11334
11351
11358
11365
11370
11378
11379
11395
11398
11399
11400
11401
11404
11406
11408
11417
11429
11433
11441
11443
11452
11456
11463
11469
11480
11488
11496
11497
11508
11520
11521
11536
11538
11552
11561
11563
11579
11586
11588
11589
11591
11592
11601
11607
11611
11627
11628
11630
11635
11637
11655
11657
11663
11673
11688
11703
11715
11720
11734
11750
11751
11754
11761
11763
11776
11786
11788
11789
11807
11824
11831
11833
11838
11839
11855
11863
11865
11883
11887
11897
11931
11934
11935
11940
11943
11949
11954
11981
11982
11987
12003
12014
12016
12039
12049
12054
12068
12075
12095
12129
12134
12143
12147
12149
12158
12159
12161
12163
12173
12178
12195
12198
12208
12219
12226
12238
12247
12248
12252
12273
12282
12290
12306
12310
12317
12319
12340
12354
12362
12367
12372
12381
12392
12395
12410
12415
12422
12424
12437
12441
12450
12465
12473
12484
12487
12494
12526
12546
12561
12563
12577
12590
12607
12612
12613
12617
12618
12641
12653
12658
12660
12669
12677
12682
12698
12708
12709
12715
12716
12719
12726
12732
12760
12761
12769
12786
12787
12802
12811
12816
12828
12832
12836
12838
12848
12849
12853
12854
12889
12894
12911
12936
12938
12939
12944
12950
12957
12969
12977
13000
13011
13015
13033
13034
13036
13044
13049
13053
13066
13069
13072
13081
13098
13111
13112
13116
13118
13121
13141
13156
13157
13158
13163
13164
13166
13178
13180
13184
13201
13203
13204
13207
13220
13221
13228
13229
13231
13254
13256
13267
13268
13272
13279
13301
13303
13305
13318
13324
13327
13338
13339
13359
13363
13382
13384
13399
13407
13423
13430
13431
13442
13447
13450
13454
13466
13467
13472
13475
13477
13484
13490
13504
13543
13546
13548
13553
13578
13597
13605
13608
13619
13626
13651
13659
13662
13663
13677
13701
13711
13712
13715
13718
13728
13733
13738
13742
13747
13748
13758
13772
13774
13777
13785
13811
13821
13822
13829
13834
13841
13854
13873
13880
13909
13917
13937
13944
13948
13949
13959
13969
13972
13976
13978
13990
13993
14001
14002
14009
14020
14022
14026
14028
14036
14076
14078
14084
14087
14088
14106
14107
14114
14119
14121
14131
14134
14145
14147
14162
14172
14182
14190
14193
14202
14216
14223
14232
14238
14239
14253
14255
14258
14266
14272
14281
14288
14297
14299
14309
14314
14324
14338
14340
14341
14346
14349
14351
14360
14372
14377
14389
14390
14406
14418
14426
14429
14432
14436
14441
14451
14455
14487
14489
14493
14494
14506
14507
14515
14534
14536
14546
14559
14563
14571
14572
14573
14575
14606
14607
14610
14631
14635
14649
14650
14659
14663
14690
14707
14712
14713
14719
14728
14736
14740
14741
14744
14746
14749
14751
14752
14768
14785
14818
14819
14836
14841
14853
14858
14859
14860
14863
14866
14873
14884
14885
14912
14932
14936
14941
14942
14943
14945
14946
14950
14952
14957
14960
14961
14970
14986
14990
14993
14998
15000
15003
15010
15011
15023
15031
15049
15051
15075
15087
15094
15096
15098
15103
15104
15113
15119
15125
15137
15150
15152
15154
15157
15163
15165
15174
15177
15186
15187
15188
15189
15197
15203
15207
15212
15219
15222
15223
15225
15227
15229
15240
15241
15245
15246
15254
15255
15258
15271
15275
15277
15281
15288
15293
15303
15312
15331
15356
15358
15367
15371
15375
15393
15408
15423
15436
15442
15445
15447
15450
15461
15469
15483
15489
15496
15499
15510
15518
15520
15528
15531
15536
15556
15569
15577
15579
15585
15595
15606
15618
15624
15625
15627
15630
15645
15652
15662
15675
15687
15692
15695
15720
15723
15730
15733
15738
15739
15754
15755
15768
15783
15785
15786
15789
15798
15799
15803
15808
15812
15829
15841
15843
15847
15852
15853
15859
15870
15877
15882
15887
15897
15900
15906
15914
15938
15960
15962
15977
15978
15998
16022
16030
16049
16051
16053
16065
16072
16078
16087
16110
16116
16118
16119
16121
16123
16138
16146
16149
16152
16154
16157
16168
16177
16180
16184
16185
16191
16194
16211
16223
16228
16230
16232
16233
16249
16253
16257
16264
16267
16268
16271
16291
16298
16303
16313
16319
16323
16324
16338
16343
16367
16375
16387
16391
16394
16413
16418
16431
16443
16447
16452
16462
16468
16473
16478
16488
16490
16495
16498
16502
16504
16505
16506
16509
16522
16544
16557
16560
16567
16580
16587
16609
16615
16620
16636
16637
16640
16649
16652
16654
16657
16665
16668
16671
16677
16684
16691
16700
16703
16704
16713
16715
16720
16730
16733
16736
16740
16766
16773
16776
16780
16794
16796
16802
16807
16811
16812
16817
16828
16829
16831
16863
16866
16868
16869
16875
16879
16882
16897
16903
16905
16907
16915
16919
16923
16934
16938
16947
16950
16955
16972
16985
16990
16997
16998
17013
17026
17027
17037
17055
17056
17067
17068
17074
17075
17076
17080
17100
17101
17109
17110
17113
17137
17142
17145
17152
17157
17159
17163
17165
17192
17198
17209
17218
17223
17231
17238
17240
17243
17246
17250
17259
17277
17284
17302
17305
17307
17310
17311
17320
17322
17351
17354
17356
17359
17380
17406
17407
17415
17435
17449
17457
17463
17486
17498
17516
17521
17527
17530
17538
17539
17545
17553
17560
17561
17568
17582
17585
17588
17589
17591
17606
17607
17610
17614
17626
17648
17651
17667
17669
17673
17674
17678
17683
17685
17688
17714
17721
17738
17742
17751
17758
17764
17773
17788
17797
17800
17809
17816
17820
17821
17823
17833
17836
17846
17848
17854
17869
17871
17884
17916
17921
17942
17948
17953
17957
17958
17965
17982
17987
17990
17999
18005
18009
18020
18021
18024
18039
18077
18079
18085
18087
18092
18095
18099
18115
18116
18121
18134
18137
18140
18142
18143
18154
18159
18167
18168
18170
18173
18179
18183
18188
18191
18194
18205
18221
18224
18235
18240
18241
18245
18257
18258
18263
18267
18271
18275
18282
18297
18301
18337
18338
18340
18354
18361
18364
18376
18379
18385
18394
18404
18407
18413
18417
18424
18425
18427
18440
18447
18452
18455
18466
18478
18482
18488
18491
18492
18494
18495
18533
18536
18538
18547
18551
18556
18564
18579
18583
18586
18600
18612
18615
18618
18625
18627
18638
18640
18644
18651
18666
18669
18684
18687
18694
18700
18703
18715
18718
18721
18728
18743
18756
18769
18779
18789
18795
18798
18804
18817
18823
18829
18842
18850
18859
18860
18867
18869
18885
18889
18890
18900
18918
18928
18933
18936
18938
18943
18948
18966
18979
18981
18983
18996
19013
19022
19033
19036
19061
19069
19071
19072
19082
19089
19100
19104
19111
19132
19134
19135
19136
19137
19139
19143
19154
19163
19180
19190
19196
19204
19207
19208
19212
19225
19227
19236
19237
19245
19251
19256
19261
19267
19271
19276
19281
19290
19292
19304
19325
19334
19336
19346
19355
19366
19371
19378
19384
19391
19399
19400
19402
19414
19430
19433
19452
19455
19457
19462
19466
19469
19473
19477
19504
19513
19548
19551
19559
19561
19567
19579
19589
19590
19599
19603
19604
19607
19637
19644
19656
19658
19686
19687
19690
19710
19711
19715
19721
19728
19738
19762
19791
19796
19812
19813
19847
19848
19855
19867
19881
19890
19897
19938
19950
19974
19977
19978
20002
20017
20019
20023
20025
20027
20036
20049
20050
20052
20053
20054
20055
20070
20074
20083
20084
20086
20091
20095
20098
20100
20102
20108
20110
20114
20115
20122
20125
20133
20144
20148
20150
20151
20158
20169
20173
20183
20189
20194
20196
20200
20205
20206
20216
20218
20219
20220
20221
20223
20240
20242
20245
20257
20261
20262
20264
20267
20269
20274
20282
20284
20289
20298
20303
20304
20306
20310
20312
20316
20321
20324
20330
20331
20332
20338
20341
20346
20354
20367
20387
20388
20394
20396
20398
20411
20413
20425
20427
20430
20435
20436
20444
20459
20468
20480
20481
20485
20491
20496
20498
20500
20502
20503
20504
20505
20507
20516
20525
20526
20530
20537
20539
20544
20560
20573
20575
20576
20588
20598
20601
20610
20613
20625
20628
20629
20632
20633
20635
20647
20648
20650
20652
20656
20661
20662
20667
20686
20688
20701
20702
20704
20709
20712
20716
20724
20725
20729
20733
20734
20741
20743
20751
20754
20755
20758
20763
20764
20765
20769
20777
20780
20805
20808
20813
20817
20819
20834
20835
20836
20837
20839
20840
20860
20865
20872
20892
20893
20896
20898
20905
20914
20915
20918
20922
20927
20936
20939
20950
20953
20955
20959
20966
20971
20975
20982
20985
20989
20998
21003
21028
21033
21039
21040
21061
21063
21065
21067
21076
21077
21088
21090
21098
21103
21111
21122
21123
21130
21135
21136
21140
21142
21144
21146
21161
21175
21187
21200
21204
21216
21224
21228
21230
21237
21248
21259
21260
21275
21277
21286
21293
21301
21316
21345
21355
21359
21360
21362
21364
21367
21370
21377
21381
21383
21384
21389
21394
21399
21410
21416
21418
21419
21423
21428
21430
21431
21438
21443
21469
21470
21479
21480
21486
21495
21498
21505
21506
21518
21533
21537
21539
21540
21545
21555
21559
21562
21570
21574
21578
21580
21582
21585
21590
21596
21598
21600
21605
21613
21620
21621
21629
21643
21648
21661
21662
21670
21680
21683
21684
21698
21702
21704
21713
21723
21731
21740
21742
21754
21764
21769
21773
21776
21781
21784
21789
21793
21795
21804
21813
21814
21815
21819
21831
21834
21835
21838
21844
21846
21850
21854
21858
21863
21864
21872
21873
21874
21882
21888
21889
21890
21893
21894
21899
21900
21906
21910
21914
21917
21925
21927
21946
21949
21950
21957
21958
21960
21969
21970
21985
21987
21989
21990
21992
22003
22006
22013
22016
22024
22028
22031
22039
22040
22053
22055
22056
22072
22077
22078
22079
22085
22086
22111
22115
22116
22119
22124
22128
22140
22149
22151
22156
22169
22175
22187
22188
22194
22204
22212
22214
22215
22219
22225
22227
22234
22235
22244
22252
22254
22259
22264
22265
22267
22273
22300
22304
22313
22328
22334
22336
22337
22346
22377
22381
22382
22384
22397
22399
22403
22404
22410
22417
22421
22422
22424
22425
22426
22443
22448
22452
22459
22460
22461
22463
22469
22472
22475
22476
22477
22482
22484
22487
22489
22505
22509
22512
22517
22524
22531
22547
22549
22551
22554
22557
22559
22561
22562
22567
22569
22580
22588
22589
22591
22592
22597
22607
22613
22622
22638
22642
22654
22657
22661
22667
22669
22672
22679
22680
22681
22692
22703
22706
22707
22710
22711
22715
22727
22729
22739
22744
22745
22750
22757
22768
22776
22788
22789
22799
22800
22810
22811
22814
22818
22822
22824
22839
22843
22844
22849
22855
22860
22877
22884
22893
22898
22899
22900
22909
22913
22914
22916
22920
22922
22923
22925
22926
22929
22934
22936
22945
22946
22947
22950
22953
22955
22956
22957
22969
22971
22981
22982
22984
22990
22998
23002
23011
23016
23019
23028
23031
23040
23045
23053
23059
23060
23069
23078
23082
23083
23089
23101
23121
23130
23137
23165
23187
23188
23189
23195
23205
23214
23241
23248
23249
23250
23268
23283
23289
23293
23296
23303
23307
23313
23316
23321
23328
23339
23347
23348
23349
23353
23354
23357
23361
23362
23383
23386
23390
23400
23404
23409
23431
23432
23443
23447
23448
23449
23457
23461
23462
23472
23494
23514
23519
23523
23533
23542
23548
23550
23551
23553
23554
23559
23562
23564
23567
23573
23580
23582
23584
23596
23599
23603
23613
23622
23627
23633
23639
23640
23645
23648
23650
23651
23656
23661
23663
23664
23671
23674
23679
23681
23684
23687
23690
23691
23692
23705
23710
23711
23716
23729
23747
23752
23755
23756
23763
23780
23791
23794
23797
23803
23807
23808
23811
23813
23814
23817
23825
23827
23834
23835
23837
23839
23848
23851
23867
23868
23869
23874
23876
23895
23899
23905
23906
23912
23925
23933
23943
23945
23948
23958
23963
23969
23970
23971
23986
23990
23997
24001
24006
24013
24018
24020
24021
24024
24030
24035
24049
24053
24057
24062
24064
24075
24076
24097
24103
24104
24110
24112
24119
24124
24125
24133
24136
24156
24157
24162
24165
24167
24170
24171
24188
24190
24191
24193
24209
24212
24213
24216
24217
24225
24228
24232
24236
24238
24240
24243
24244
24245
24248
24249
24250
24259
24264
24266
24269
24272
24273
24284
24287
24289
24290
24299
24302
24316
24327
24334
24335
24345
24346
24367
24370
24378
24380
24381
24384
24386
24392
24395
24400
24403
24406
24410
24411
24414
24416
24418
24421
24424
24430
24445
24453
24454
24467
24468
24469
24473
24482
24485
24486
24490
24502
24504
24507
24511
24513
24517
24518
24522
24527
24530
24547
24555
24559
24567
24575
24579
24590
24594
24601
24602
24607
24611
24612
24619
24625
24634
24636
24642
24646
24659
24662
24683
24685
24687
24693
24699
24703
24709
24714
24715
24725
24728
24731
24734
24738
24761
24776
24780
24795
24804
24805
24806
24810
24811
24813
24822
24826
24830
24833
24839
24841
24844
24850
24862
24863
24871
24874
24881
24889
24898
24901
24902
24903
24904
24905
24911
24914
24919
24928
24937
24939
24945
24948
24958
24966
24977
24986
25011
25015
25017
25019
25033
25037
25043
25048
25050
25063
25071
25074
25084
25089
25091
25092
25095
25100
25101
25103
25105
25108
25109
25113
25117
25122
25126
25128
25129
25133
25135
25153
25155
25157
25158
25160
25174
25190
25197
25202
25210
25215
25228
25229
25233
25250
25253
25255
25270
25276
25279
25284
25285
25307
25317
25345
25347
25353
25354
25366
25368
25369
25372
25374
25380
25384
25385
25388
25394
25400
25402
25417
25445
25448
25449
25457
25464
25478
25492
25501
25505
25508
25515
25529
25530
25532
25533
25542
25543
25554
25555
25557
25559
25563
25586
25590
25593
25594
25595
25596
25599
25604
25614
25616
25628
25637
25639
25645
25646
25647
25652
25657
25659
25662
25664
25669
25679
25680
25694
25695
25704
25706
25708
25711
25712
25721
25723
25724
25727
25728
25734
25743
25747
25750
25752
25758
25759
25774
25780
25792
25800
25804
25806
25818
25819
25820
25826
25830
25835
25837
25845
25861
25867
25868
25870
25879
25883
25884
25888
25898
25899
25904
25905
25909
25912
25917
25927
25928
25935
25936
25944
25949
25954
25955
25963
25966
25969
25971
25987
25992
25996
26000
26010
26014
26015
26018
26021
26022
26023
26024
26032
26033
26046
26050
26060
26061
26064
26072
26082
26085
26087
26098
26101
26110
26115
26119
26131
26139
26148
26162
26175
26179
26181
26188
26191
26193
26199
26208
26226
26228
26231
26244
26246
26248
26254
26256
26260
26261
26264
26266
26267
26269
26275
26282
26306
26309
26321
26332
26347
26349
26353
26356
26358
26360
26361
26362
26374
26379
26387
26390
26397
26403
26417
26432
26440
26441
26443
26444
26448
26452
26455
26460
26470
26471
26475
26479
26494
26502
26504
26508
26527
26528
26529
26530
26537
26552
26553
26556
26558
26561
26569
26577
26578
26583
26596
26599
26615
26616
26618
26630
26632
26635
26638
26641
26645
26648
26651
26652
26665
26668
26673
26674
26678
26686
26700
26713
26716
26723
26727
26728
26730
26742
26745
26748
26751
26757
26768
26777
26780
26792
26797
26811
26816
26845
26848
26851
26859
26865
26866
26877
26880
26886
26892
26894
26895
26902
26904
26905
26907
26916
26929
26931
26935
26948
26949
26950
26951
26958
26963
26972
26973
26975
26985
26987
26993
26994
26997
27010
27011
27012
27020
27045
27053
27058
27060
27074
27117
27122
27123
27153
27159
27160
27168
27169
27170
27173
27174
27176
27181
27182
27183
27187
27189
27196
27198
27206
27210
27214
27235
27239
27245
27248
27250
27254
27267
27272
27274
27281
27284
27286
27288
27303
27304
27306
27312
27315
27317
27320
27326
27336
27338
27344
27349
27358
27360
27365
27370
27381
27385
27401
27408
27410
27415
27423
27431
27436
27437
27438
27458
27459
27474
27475
27478
27492
27495
27497
27501
27507
27524
27531
27534
27535
27544
27545
27551
27559
27566
27567
27570
27571
27575
27577
27580
27581
27582
27583
27594
27604
27613
27621
27622
27624
27627
27629
27630
27641
27644
27653
27662
27664
27666
27671
27672
27674
27677
27679
27683
27684
27688
27694
27703
27715
27718
27719
27744
27750
27754
27764
27766
27774
27775
27783
27793
27796
27807
27817
27829
27837
27840
27851
27869
27872
27880
27885
27886
27888
27906
27912
27913
27914
27928
27932
27933
27937
27940
27941
27954
27962
27971
27976
27978
27981
27988
27990
27991
27992
27995
28002
28003
28011
28014
28016
28020
28027
28042
28049
28053
28059
28065
28067
28072
28091
28094
28095
28102
28103
28110
28114
28121
28124
28125
28137
28139
28144
28150
28152
28153
28154
28165
28168
28188
28192
28195
28203
28204
28208
28215
28219
28225
28227
28229
28236
28243
28246
28254
28256
28258
28278
28281
28295
28299
28301
28303
28323
28324
28326
28329
28330
28342
28344
28368
28388
28408
28410
28412
28413
28425
28434
28436
28437
28441
28444
28449
28459
28461
28466
28472
28475
28479
28490
28491
28495
28496
28521
28542
28545
28547
28556
28558
28559
28560
28565
28566
28576
28586
28591
28596
28597
28606
28620
28623
28624
28626
28632
28635
28641
28643
28654
28657
28672
28678
28681
28682
28683
28697
28704
28726
28735
28739
28741
28743
28745
28748
28751
28752
28758
28759
28760
28765
28780
28782
28783
28787
28788
28789
28801
28810
28811
28827
28828
28842
28843
28844
28850
28854
28862
28866
28871
28872
28879
28881
28885
28887
28888
28916
28917
28924
28926
28931
28937
28949
28966
28976
28985
28986
28987
28991
28998
29002
29018
29023
29027
29036
29039
29050
29073
29077
29081
29091
29098
29105
29107
29109
29114
29115
29120
29126
29127
29128
29134
29149
29166
29172
29173
29177
29180
29182
29183
29187
29188
29201
29205
29210
29212
29223
29224
29226
29227
29229
29233
29240
29241
29246
29248
29251
29258
29264
29265
29267
29278
29287
29299
29300
29301
29303
29304
29315
29324
29330
29331
29342
29347
29348
29358
29386
29391
29393
29401
29413
29421
29422
29424
29428
29438
29446
29449
29453
29472
29475
29482
29484
29491
29497
29505
29506
29508
29511
29519
29527
29528
29529
29531
29539
29542
29552
29556
29561
29563
29565
29566
29570
29574
29581
29582
29588
29589
29591
29592
29605
29607
29608
29611
29614
29627
29628
29636
29644
29650
29653
29659
29660
29661
29664
29678
29681
29682
29683
29687
29689
29709
29715
29716
29717
29743
29744
29753
29756
29760
29768
29781
29790
29791
29793
29798
29800
29803
29809
29828
29830
29838
29849
29865
29872
29874
29878
29898
29901
29904
29907
29918
29928
29933
29954
29955
29958
29960
29969
29970
29990
29995
30002
30015
30018
30025
30026
30034
30035
30038
30044
30045
30046
30054
30058
30059
30066
30067
30069
30070
30072
30080
30083
30084
30100
30111
30112
30113
30121
30122
30124
30126
30137
30138
30143
30145
30147
30151
30154
30166
30167
30169
30170
30177
30186
30187
30188
30196
30203
30206
30207
30209
30220
30223
30229
30242
30243
30248
30252
30257
30258
30260
30262
30264
30266
30269
30275
30302
30305
30310
30314
30318
30333
30343
30361
30367
30369
30380
30384
30385
30390
30391
30395
30401
30427
30429
30438
30447
30449
30451
30457
30458
30462
30464
30465
30467
30474
30475
30481
30510
30528
30544
30546
30558
30571
30577
30584
30589
30591
30602
30621
30622
30625
30627
30628
30639
30643
30645
30646
30647
30651
30656
30657
30661
30662
30685
30686
30691
30695
30696
30698
30700
30710
30714
30724
30736
30739
30742
30745
30751
30755
30757
30759
30774
30793
30794
30798
30805
30806
30807
30812
30817
30820
30824
30845
30846
30870
30876
30877
30878
30881
30883
30886
30887
30888
30889
30890
30891
30894
30917
30918
30919
30921
30922
30942
30943
30951
30953
30955
30956
30965
30968
30974
30975
30993
31002
31003
31008
31010
31013
31015
31021
31033
31034
31037
31053
31059
31065
31066
31073
31075
31079
31085
31089
31093
31096
31098
31102
31106
31125
31131
31136
31137
31149
31156
31162
31165
31192
31194
31201
31203
31210
31225
31230
31231
31232
31234
31235
31243
31244
31248
31258
31262
31285
31296
31304
31308
31309
31314
31324
31326
31328
31330
31331
31343
31349
31350
31359
31367
31378
31383
31386
31394
31406
31415
31424
31431
31439
31440
31444
31445
31447
31452
31454
31455
31463
31469
31479
31482
31483
31496
31500
31507
31513
31515
31516
31517
31523
31526
31527
31532
31534
31537
31538
31544
31556
31560
31565
31573
31577
31583
31587
31589
31592
31595
31597
31608
31609
31616
31619
31621
31623
31631
31647
31649
31651
31658
31660
31661
31662
31670
31675
31678
31681
31684
31687
31688
31695
31711
31716
31725
31726
31728
31730
31735
31738
31745
31750
31753
31763
31770
31771
31772
31777
31786
31789
31800
31801
31810
31822
31823
31824
31835
31837
31843
31854
31857
31868
31871
31880
31889
31890
31895
31898
31911
31914
31915
31920
31929
31931
31933
31944
31945
31948
31953
31963
31964
31971
31980
31984
32002
32013
32022
32025
32034
32039
32040
32051
32052
32057
32062
32064
32067
32068
32069
32073
32075
32079
32086
32088
32098
32107
32108
32111
32112
32113
32122
32129
32134
32140
32142
32144
32148
32150
32151
32164
32176
32178
32179
32180
32187
32191
32196
32207
32219
32224
32225
32233
32240
32249
32250
32253
32259
32262
32274
32275
32287
32291
32297
32307
32318
32323
32330
32338
32339
32343
32345
32351
32356
32361
32371
32376
32379
32380
32382
32385
32387
32389
32390
32391
32401
32402
32404
32408
32413
32417
32426
32434
32443
32459
32463
32465
32474
32480
32481
32490
32495
32498
32499
32501
32504
32509
32514
32519
32521
32522
32526
32530
32543
32548
32549
32553
32558
32564
32569
32571
32580
32592
32603
32605
32617
32620
32624
32625
32631
32634
32637
32643
32644
32648
32658
32661
32679
32680
32687
32698
32704
32705
32706
32707
32713
32719
32723
32724
32738
32743
32744
32746
32760
32787
32788
32795
32802
32807
32808
32815
32816
32820
32842
32844
32848
32860
32865
32889
32892
32900
32909
32910
32912
32913
32925
32932
32934
32935
32939
32940
32943
32947
32950
32972
32977
32979
32980
32990
32991
32994
32999
33008
33019
33034
33045
33047
33050
33053
33059
33060
33072
33111
33117
33118
33121
33124
33126
33144
33160
33161
33167
33170
33176
33186
33203
33208
33216
33217
33222
33225
33226
33227
33231
33245
33248
33260
33266
33272
33276
33281
33282
33285
33294
33297
33305
33308
33313
33317
33319
33335
33337
33341
33344
33348
33350
33351
33357
33363
33364
33367
33369
33373
33376
33383
33386
33389
33395
33401
33402
33406
33420
33427
33437
33439
33443
33448
33456
33467
33468
33469
33510
33515
33522
33534
33537
33539
33545
33555
33562
33568
33572
33573
33576
33577
33578
33579
33583
33587
33591
33592
33596
33608
33609
33610
33613
33614
33626
33630
33636
33641
33659
33660
33663
33671
33673
33675
33686
33692
33696
33706
33720
33726
33733
33734
33737
33758
33763
33765
33769
33770
33775
33776
33778
33782
33787
33788
33790
33797
33801
33802
33803
33808
33810
33814
33815
33821
33827
33828
33834
33838
33847
33856
33858
33865
33873
33875
33880
33882
33887
33894
33911
33925
33928
33938
33939
33952
33955
33957
33964
33965
33973
33982
33983
33999
34001
34020
34022
34023
34029
34040
34052
34054
34057
34058
34073
34079
34092
34103
34104
34107
34117
34120
34129
34146
34149
34156
34176
34185
34186
34194
34196
34202
34205
34207
34230
34235
34236
34237
34240
34245
34246
34248
34254
34259
34261
34268
34269
34274
34276
34281
34288
34301
34304
34305
34308
34309
34313
34320
34322
34324
34330
34331
34342
34346
34348
34351
34362
34367
34371
34375
34377
34386
34389
34398
34399
34400
34415
34423
34427
34434
34452
34459
34461
34473
34481
34500
34503
34527
34529
34533
34536
34547
34550
34556
34563
34574
34579
34582
34586
34589
34595
34603
34611
34613
34614
34619
34638
34646
34649
34654
34661
34663
34670
34680
34686
34699
34705
34721
34729
34732
34734
34735
34755
34758
34769
34770
34773
34787
34789
34793
34798
34805
34812
34819
34835
34839
34844
34845
34854
34857
34863
34872
34873
34883
34886
34894
34898
34905
34907
34908
34911
34920
34923
34949
34950
34956
34960
34967
34971
34973
34977
34978
34979
34989
35000
35001
35003
35004
35012
35020
35025
35027
35034
35036
35038
35043
35047
35048
35055
35057
35065
35076
35085
35088
35095
35096
35100
35107
35113
35114
35120
35127
35131
35135
35145
35153
35159
35162
35169
35178
35182
35186
35187
35192
35193
35198
35200
35206
35211
35218
35231
35232
35233
35250
35251
35261
35263
35267
35269
35271
35279
35287
35288
35292
35294
35298
35301
35303
35321
35331
35332
35333
35334
35335
35338
35347
35350
35357
35365
35373
35383
35384
35388
35412
35418
35429
35436
35443
35448
35454
35455
35459
35465
35466
35485
35487
35490
35491
35500
35503
35507
35521
35522
35525
35526
35532
35533
35537
35538
35546
35548
35552
35554
35555
35557
35561
35567
35578
35579
35585
35591
35601
35602
35604
35610
35613
35614
35616
35620
35635
35637
35644
35655
35660
35670
35674
35683
35691
35694
35696
35705
35708
35710
35715
35721
35723
35726
35727
35734
35738
35743
35747
35754
35756
35757
35758
35766
35769
35770
35772
35798
35800
35821
35825
35827
35828
35833
35839
35842
35849
35853
35858
35871
35876
35878
35899
35902
35903
35904
35905
35907
35913
35925
35929
35932
35936
35938
35939
35943
35948
35961
35976
35982
35983
35989
35994
35997
36000
36009
36010
36021
36026
36047
36049
36052
36078
36085
36097
36102
36108
36110
36111
36116
36118
36121
36139
36147
36156
36159
36164
36168
36171
36177
36188
36192
36193
36199
36204
36215
36217
36218
36226
36233
36244
36253
36260
36266
36273
36280
36282
36285
36287
36290
36294
36309
36313
36321
36325
36326
36331
36334
36336
36346
36360
36361
36362
36374
36385
36404
36420
36421
36431
36433
36446
36448
36450
36457
36472
36480
36482
36488
36491
36495
36500
36504
36517
36526
36549
36559
36564
36574
36589
36591
36598
36602
36613
36614
36622
36625
36636
36641
36642
36664
36671
36689
36696
36701
36702
36710
36717
36718
36720
36724
36727
36730
36738
36749
36762
36766
36768
36771
36773
36775
36780
36788
36790
36797
36800
36805
36829
36844
36849
36866
36876
36888
36900
36903
36906
36910
36918
36921
36926
36928
36930
36934
36942
36943
36947
36955
36965
36971
36991
37008
37013
37023
37025
37032
37038
37042
37046
37051
37057
37058
37068
37071
37075
37084
37089
37106
37108
37123
37124
37131
37139
37140
37145
37155
37157
37158
37161
37162
37163
37166
37167
37172
37179
37180
37188
37189
37191
37192
37199
37207
37211
37213
37216
37217
37220
37230
37231
37236
37241
37250
37256
37260
37264
37266
37282
37294
37304
37310
37313
37319
37323
37334
37347
37351
37354
37360
37368
37371
37374
37384
37388
37390
37395
37410
37418
37422
37427
37430
37431
37432
37435
37446
37447
37448
37452
37454
37456
37468
37475
37479
37482
37484
37495
37508
37518
37519
37525
37535
37536
37537
37547
37551
37554
37571
37582
37594
37595
37602
37604
37611
37630
37632
37642
37646
37649
37651
37655
37661
37671
37679
37681
37691
37692
37696
37711
37718
37720
37722
37723
37739
37742
37745
37758
37760
37765
37771
37776
37779
37781
37788
37793
37796
37803
37814
37817
37823
37832
37838
37839
37841
37845
37862
37872
37874
37882
37886
37893
37897
37901
37902
37911
37913
37915
37918
37926
37928
37929
37930
37931
37934
37936
37937
37946
37948
37965
37966
37969
37974
37978
37988
37998
38009
38014
38027
38032
38035
38039
38056
38066
38075
38083
38090
38092
38096
38108
38114
38115
38116
38117
38119
38120
38122
38125
38138
38144
38159
38161
38162
38163
38164
38173
38177
38181
38188
38190
38194
38196
38203
38207
38210
38211
38227
38251
38252
38256
38260
38284
38287
38289
38290
38292
38296
38307
38312
38313
38314
38320
38322
38334
38340
38343
38345
38347
38352
38354
38360
38368
38371
38377
38381
38388
38399
38407
38409
38415
38416
38428
38433
38442
38443
38460
38471
38480
38485
38489
38496
38499
38506
38512
38526
38528
38531
38542
38545
38546
38549
38552
38553
38566
38589
38593
38594
38596
38598
38600
38602
38603
38606
38609
38618
38619
38621
38625
38638
38641
38642
38643
38648
38650
38659
38660
38663
38664
38667
38669
38671
38678
38682
38683
38688
38690
38692
38696
38699
38701
38706
38708
38713
38714
38716
38718
38728
38732
38736
38737
38743
38749
38753
38759
38761
38771
38783
38787
38796
38799
38804
38807
38810
38819
38823
38831
38834
38851
38853
38856
38869
38877
38888
38894
38901
38905
38909
38913
38922
38926
38931
38953
38960
38965
38970
38974
38975
38976
38980
38983
38986
38993
38994
39005
39013
39017
39022
39029
39043
39044
39045
39048
39058
39064
39068
39069
39080
39084
39092
39124
39132
39134
39139
39144
39145
39152
39157
39162
39171
39173
39179
39180
39183
39191
39192
39196
39199
39207
39208
39212
39217
39220
39221
39226
39229
39231
39235
39240
39242
39244
39246
39259
39260
39261
39270
39271
39278
39297
39299
39302
39311
39318
39321
39339
39341
39355
39359
39363
39373
39389
39393
39399
39421
39422
39442
39447
39457
39464
39469
39470
39473
39474
39475
39477
39489
39493
39504
39507
39509
39518
39522
39532
39533
39549
39551
39552
39554
39558
39563
39568
39571
39573
39581
39586
39587
39591
39593
39594
39595
39608
39619
39621
39622
39624
39635
39642
39643
39645
39646
39647
39650
39661
39665
39666
39686
39695
39704
39716
39719
39721
39725
39727
39738
39755
39764
39765
39766
39777
39778
39780
39782
39791
39793
39801
39803
39805
39818
39824
39830
39845
39847
39850
39851
39860
39864
39866
39871
39882
39883
39884
39887
39895
39896
39899
39905
39912
39920
39930
39931
39937
39947
39957
39962
39967
39973
39979
39982
39986
39994
